function [V1,V2,V3,V4,V5,V6,V7,V8,V9] = gridsOrientation(x,y)
    V1 = [x,y+1];
%     if V1(1,1) < 2
%         V1 = [2 V1(1,2)];
%     end
%     if V1(1,2) < 2
%         V1 = [V1(1,1) 2];
%     end
%     
%     if V1(1,1) > 19
%         V1 = [19 V1(1,2)];
%     end
%     if V1(1,2) > 19
%         V1 = [V1(1,1) 19];
%     end
%     
%     if V1(1,1) == 8 && V1(1,2) == 8 || V1(1,1) == 8 && V1(1,2) == 9 || V1(1,1) == 8 && V1(1,2) == 10 || V1(1,1) == 8 && V1(1,2) == 11 || V1(1,1) == 8 && V1(1,2) == 12 || V1(1,1) == 8 && V1(1,2) == 13 || V1(1,1) == 8 && V1(1,2) == 14 || V1(1,1) == 8 && V1(1,2) == 15 ...
%             || V1(1,1) == 8 && V1(1,2) == 16 || V1(1,1) == 8 && V1(1,2) == 17 || V1(1,1) == 8 && V1(1,2) == 19 || V1(1,1) == 8 && V1(1,2) == 19 || V1(1,1) == 8 && V1(1,2) == 20
%         V1 = [8 V1(1,2)];
%     end
%     if V1(1,1) == 12 && V1(1,2) == 8 || V1(1,1) == 12 && V1(1,2) == 9 || V1(1,1) == 12 && V1(1,2) == 10 || V1(1,1) == 12 && V1(1,2) == 11 || V1(1,1) == 12 && V1(1,2) == 12 || V1(1,1) == 12 && V1(1,2) == 13 || V1(1,1) == 12 && V1(1,2) == 14 || V1(1,1) == 12 && V1(1,2) == 15 ...
%         || V1(1,1) == 12 && V1(1,2) == 16 || V1(1,1) == 12 && V1(1,2) == 17 || V1(1,1) == 12 && V1(1,2) == 19 || V1(1,1) == 12 && V1(1,2) == 19 || V1(1,1) == 12 && V1(1,2) == 20
%         V1 = [12 V1(1,2)];
%     end
%     
% 
%     
%     if V1(1,1) > 20
%         V1 = [0 V1(1,2)];
%     end
%     if V1(1,2) < 0
%         V1 = [V1(1,1) 0];
%     end
%     
    
    V2 = [x+1,y+1];
%     if V2(1,1) < 2
%         V2 = [2 V2(1,2)];
%     end
%     if V2(1,2) < 2
%         V2 = [V2(1,1) 2];
%     end
%     
%     if V2(1,1) > 19
%         V2 = [19 V2(1,2)];
%     end
%     if V2(1,2) > 19
%         V2 = [V2(1,1) 19];
%     end
%     
%     if V2(1,1) == 8 && V2(1,2) == 8 || V2(1,1) == 8 && V2(1,2) == 9 || V2(1,1) == 8 && V2(1,2) == 10 || V2(1,1) == 8 && V2(1,2) == 11 || V2(1,1) == 8 && V2(1,2) == 12 || V2(1,1) == 8 && V2(1,2) == 13 || V2(1,1) == 8 && V2(1,2) == 14 || V2(1,1) == 8 && V2(1,2) == 15 ...
%             || V2(1,1) == 8 && V2(1,2) == 16 || V2(1,1) == 8 && V2(1,2) == 17 || V2(1,1) == 8 && V2(1,2) == 19 || V2(1,1) == 8 && V2(1,2) == 19 || V2(1,1) == 8 && V2(1,2) == 20
%         V2 = [8 V2(1,2)];
%     end
%     if V2(1,1) == 12 && V2(1,2) == 8 || V2(1,1) == 12 && V2(1,2) == 9 || V2(1,1) == 12 && V2(1,2) == 10 || V2(1,1) == 12 && V2(1,2) == 11 || V2(1,1) == 12 && V2(1,2) == 12 || V2(1,1) == 12 && V2(1,2) == 13 || V2(1,1) == 12 && V2(1,2) == 14 || V2(1,1) == 12 && V2(1,2) == 15 ...
%         || V2(1,1) == 12 && V2(1,2) == 16 || V2(1,1) == 12 && V2(1,2) == 17 || V2(1,1) == 12 && V2(1,2) == 19 || V2(1,1) == 12 && V2(1,2) == 19 || V2(1,1) == 12 && V2(1,2) == 20
%         V2 = [12 V2(1,2)];
%     end
    
   
    
    
    
    
    V3 = [x+1,y];
%     if V3(1,1) < 2
%         V3 = [2 V3(1,2)];
%     end
%     if V3(1,2) < 2
%         V3 = [V3(1,1) 2];
%     end
%     
%     if V3(1,1) > 19
%         V3 = [19 V3(1,2)];
%     end
%     if V3(1,2) > 19
%         V3 = [V3(1,1) 19];
%     end
%     
%     if V3(1,1) == 8 && V3(1,2) == 8 || V3(1,1) == 8 && V3(1,2) == 9 || V3(1,1) == 8 && V3(1,2) == 10 || V3(1,1) == 8 && V3(1,2) == 11 || V3(1,1) == 8 && V3(1,2) == 12 || V3(1,1) == 8 && V3(1,2) == 13 || V3(1,1) == 8 && V3(1,2) == 14 || V3(1,1) == 8 && V3(1,2) == 15 || V3(1,1) == 8 && V3(1,2) == 16 || V3(1,1) == 8 && V3(1,2) == 17 || V3(1,1) == 8 && V3(1,2) == 19 ...
%             || V3(1,1) == 8 && V3(1,2) == 19 || V3(1,1) == 8 && V3(1,2) == 20
%         V3 = [8 V3(1,2)];
%     end
%     if V3(1,1) == 12 && V3(1,2) == 8 || V3(1,1) == 12 && V3(1,2) == 9 || V3(1,1) == 12 && V3(1,2) == 10 || V3(1,1) == 12 && V3(1,2) == 11 || V3(1,1) == 12 && V3(1,2) == 12 || V3(1,1) == 12 && V3(1,2) == 13 || V3(1,1) == 12 && V3(1,2) == 14 || V3(1,1) == 12 && V3(1,2) == 15 ...
%         || V3(1,1) == 12 && V3(1,2) == 16 || V3(1,1) == 12 && V3(1,2) == 17 || V3(1,1) == 12 && V3(1,2) == 19 || V3(1,1) == 12 && V3(1,2) == 19 || V3(1,1) == 12 && V3(1,2) == 20
%         V3 = [12 V3(1,2)];
%     end

    
    V4 = [x+1,y-1];
%     if V4(1,1) < 2
%         V4 = [2 V4(1,2)];
%     end
%     if V4(1,2) < 2
%         V4 = [V4(1,1) 2];
%     end
%     
%     if V4(1,1) > 19
%         V4 = [19 V4(1,2)];
%     end
%     if V4(1,2) > 19
%         V4 = [V4(1,1) 19];
%     end
%     
%     if V4(1,1) == 8 && V4(1,2) == 8 || V4(1,1) == 8 && V4(1,2) == 9 || V4(1,1) == 8 && V4(1,2) == 10 || V4(1,1) == 8 && V4(1,2) == 11 || V4(1,1) == 8 && V4(1,2) == 12 || V4(1,1) == 8 && V4(1,2) == 13 || V4(1,1) == 8 && V4(1,2) == 14 || V4(1,1) == 8 && V4(1,2) == 15 ...
%         || V4(1,1) == 8 && V4(1,2) == 16 || V4(1,1) == 8 && V4(1,2) == 17 || V4(1,1) == 8 && V4(1,2) == 19 || V4(1,1) == 8 && V4(1,2) == 19 || V4(1,1) == 8 && V4(1,2) == 20
%         V4 = [8 V4(1,2)];
%     end
%     if V4(1,1) == 12 && V4(1,2) == 8 || V4(1,1) == 12 && V4(1,2) == 9 || V4(1,1) == 12 && V4(1,2) == 10 || V4(1,1) == 12 && V4(1,2) == 11 || V4(1,1) == 12 && V4(1,2) == 12 || V4(1,1) == 12 && V4(1,2) == 13 || V4(1,1) == 12 && V4(1,2) == 14 || V4(1,1) == 12 && V4(1,2) == 15 ...
%         || V4(1,1) == 12 && V4(1,2) == 16 || V4(1,1) == 12 && V4(1,2) == 17 || V4(1,1) == 12 && V4(1,2) == 19 || V4(1,1) == 12 && V4(1,2) == 19 || V4(1,1) == 12 && V4(1,2) == 20
%         V4 = [12 V4(1,2)];
%     end

    
    
    V5 = [x,y-1];
%     if V5(1,1) < 2
%         V5 = [2 V5(1,2)];
%     end
%     if V5(1,2) < 2
%         V5 = [V5(1,1) 2];
%     end
%     if V5(1,1) > 19
%         V5 = [19 V5(1,2)];
%     end
%     if V5(1,2) > 19
%         V5 = [V5(1,1) 19];
%     end
%     
%     if V5(1,1) == 8 && V5(1,2) == 8 || V5(1,1) == 8 && V5(1,2) == 9 || V5(1,1) == 8 && V5(1,2) == 10 || V5(1,1) == 8 && V5(1,2) == 11 || V5(1,1) == 8 && V5(1,2) == 12 || V5(1,1) == 8 && V5(1,2) == 13 || V5(1,1) == 8 && V5(1,2) == 14 || V5(1,1) == 8 && V5(1,2) == 15 ...
%             || V5(1,1) == 8 && V5(1,2) == 16 || V5(1,1) == 8 && V5(1,2) == 17 || V5(1,1) == 8 && V5(1,2) == 19 || V5(1,1) == 8 && V5(1,2) == 19 || V5(1,1) == 8 && V5(1,2) == 20
%         V5 = [8 V5(1,2)];
%     end
%     
%     if V5(1,1) == 12 && V5(1,2) == 8 || V5(1,1) == 12 && V5(1,2) == 9 || V5(1,1) == 12 && V5(1,2) == 10 || V5(1,1) == 12 && V5(1,2) == 11 || V5(1,1) == 12 && V5(1,2) == 12 || V5(1,1) == 12 && V5(1,2) == 13 || V5(1,1) == 12 && V5(1,2) == 14 || V5(1,1) == 12 && V5(1,2) == 15 || V5(1,1) == 12 && V5(1,2) == 16 || V5(1,1) == 12 && V5(1,2) == 17 ...
%             || V5(1,1) == 12 && V5(1,2) == 19 || V5(1,1) == 12 && V5(1,2) == 19 || V5(1,1) == 12 && V5(1,2) == 20
%         V5 = [12 V5(1,2)];
%     end

    
    
    V6 = [x-1,y-1];
%     if V6(1,1) < 2
%         V6 = [2 V6(1,2)];
%     end
%     if V6(1,2) < 2
%         V6 = [V6(1,1) 2];
%     end
%     
%     if V6(1,1) > 19
%         V6 = [19 V6(1,2)];
%     end
%     if V6(1,2) > 19
%         V6 = [V6(1,1) 19];
%     end
%     
%     if V6(1,1) == 8 && V6(1,2) == 8 || V6(1,1) == 8 && V6(1,2) == 9 || V6(1,1) == 8 && V6(1,2) == 10 || V6(1,1) == 8 && V6(1,2) == 11 || V6(1,1) == 8 && V6(1,2) == 12 || V6(1,1) == 8 && V6(1,2) == 13 || V6(1,1) == 8 && V6(1,2) == 14 || V6(1,1) == 8 && V6(1,2) == 15 ...
%             || V6(1,1) == 8 && V6(1,2) == 16 || V6(1,1) == 8 && V6(1,2) == 17 || V6(1,1) == 8 && V6(1,2) == 19 || V6(1,1) == 8 && V6(1,2) == 19 || V6(1,1) == 8 && V6(1,2) == 20
%         V6 = [8 V6(1,2)];
%     end
%     if V6(1,1) == 12 && V6(1,2) == 8 || V6(1,1) == 12 && V6(1,2) == 9 || V6(1,1) == 12 && V6(1,2) == 10 || V6(1,1) == 12 && V6(1,2) == 11 || V6(1,1) == 12 && V6(1,2) == 12 || V6(1,1) == 12 && V6(1,2) == 13 || V6(1,1) == 12 && V6(1,2) == 14 || V6(1,1) == 12 && V6(1,2) == 15 || V6(1,1) == 12 && V6(1,2) == 16 || V6(1,1) == 12 && V6(1,2) == 17 ...
%             || V6(1,1) == 12 && V6(1,2) == 19 || V6(1,1) == 12 && V6(1,2) == 19 || V6(1,1) == 12 && V6(1,2) == 20
%         V6 = [12 V6(1,2)];
